
function pic = encrypt(duration, image, key)
          format longG
          random_set = [1387, 62, 3942, 1922, 2268, 3303, 3641, 2803, 2141, 3302, 4595, 4871, 4054, 3305, 3263, 128, 1964, 2187, 4057, 1730, 531, 4905, 632, 1074, 2966, 1430, 3497, 3855, 4076, 3062, 4463, 4536, 1005, 4035, 1280, 740, 2839, 387, 675, 2679, 1029, 3783, 887, 3192, 359, 2037, 1526, 467, 1135, 1363, 3544, 358, 555, 2592, 4490, 4369, 4498, 23, 998, 981, 3682, 1609, 1053, 4623, 438, 4288, 3704, 704, 3345, 2249, 2175, 1332, 3552, 2285, 2680, 246, 3131, 4328, 2999, 1583, 4729, 4800, 264, 1234, 2114, 4633, 892, 1497, 3506, 36, 3480, 821, 2746, 4652, 4176, 2675, 1220, 511, 255, 3142, 4187, 1209, 161, 2843, 4386, 3985, 1857, 2648, 2979, 1081, 4687, 4153, 610, 1998, 2014, 4815, 3756, 2500, 2958, 39, 2228, 3687, 3656, 1806, 711, 2842, 606, 640, 3376, 3821, 2757, 1557, 3228, 1632, 4877, 4641, 4000, 2584, 2399, 1243, 1700, 4856, 899, 124, 158, 650, 363, 3090, 853, 3283, 121, 2261, 1020, 2589, 4719, 3767, 3045, 2856, 1085, 1192, 1841, 266, 3476, 2125, 389, 1323, 2690, 2171, 3428, 3180, 4244, 4813, 322, 1728, 1049, 4593, 3569, 2189, 4906, 1610, 3777, 2239, 4713, 3899, 624, 2678, 4639, 4053, 2099, 3493, 27, 4285, 3203, 2000, 4990, 2216, 1205, 4464, 2266, 378, 4372, 3407, 3221, 1248, 983, 371, 567, 3, 29, 1939, 1267, 4282, 1977, 4644, 2738, 1487, 2057, 2198, 3198, 2154, 1231, 1622, 451, 3672, 2577, 1057, 403, 294, 505, 415, 1334, 1261, 3017, 461, 3500, 3101, 2504, 3570, 1655, 1395, 1774, 4119, 3066, 2476, 2931, 4851, 2415, 2925, 2173, 4527, 4239, 3589, 999, 4017, 603, 4216, 3034, 2793, 4625, 2529, 2426, 825, 4534, 4493, 4359, 4392, 4845, 2557, 2408, 1830, 2722, 1590, 4672, 3949, 401, 1028, 3636, 3612, 4698, 1570, 4338, 1106, 4090, 4446, 4360, 2657, 4488, 2977, 50, 1905, 2790, 676, 4686, 475, 3988, 2841, 3499, 51, 3132, 1437, 2596, 1184, 4139, 3083, 548, 1401, 1542, 3058, 1572, 828, 2641, 15, 4707, 3618, 1751, 987, 2077, 3581, 3346, 4965, 1318, 4972, 308, 3844, 2697, 38, 526, 4930, 1203, 3745, 262, 2503, 2830, 2531, 3562, 1893, 3582, 4811, 2688, 3200, 1067, 4223, 3975, 964, 907, 2085, 4659, 835, 4774, 4430, 1612, 4448, 2637, 4193, 81, 3528, 3035, 2178, 3725, 4762, 424, 2190, 4128, 683, 106, 1767, 2086, 2273, 953, 4942, 4847, 3584, 3185, 2986, 388, 7, 2127, 3179, 1668, 189, 3761, 3509, 4151, 627, 4614, 2808, 787, 1027, 1043, 1625, 4429, 1672, 2802, 4191, 443, 251, 2649, 1529, 1208, 4946, 49, 1510, 857, 1391, 2265, 1404, 2963, 1023, 2565, 354, 4005, 770, 4261, 3172, 1657, 714, 2608, 4413, 2267, 666, 3782, 4003, 3039, 1896, 1837, 3196, 2483, 737, 656, 2044, 2909, 913, 1761, 3171, 2229, 757, 4210, 4782, 3085, 1827, 823, 775, 2982, 1740, 4180, 534, 3580, 1076, 2812, 3905, 2094, 2075, 1312, 1522, 3324, 3954, 1428, 1124, 4734, 1619, 4040, 3256, 1549, 171, 145, 3291, 2782, 277, 1212, 4141, 551, 4092, 1943, 2941, 2869, 3823, 4841, 2140, 993, 1383, 4484, 3168, 4100, 468, 2613, 1957, 4838, 2810, 2847, 152, 2018, 1200, 2357, 1794, 3780, 745, 3233, 1501, 2774, 3004, 2002, 3360, 402, 2578, 3423, 386, 1936, 1435, 1115, 4653, 58, 432, 4031, 2431, 2281, 1813, 3760, 490, 4710, 2451, 1399, 1039, 4777, 1165, 530, 2477, 1066, 773, 1845, 4267, 3079, 1971, 847, 4479, 413, 0, 2413, 3652, 4144, 3711, 1515, 1486, 2367, 1866, 1989, 2752, 3565, 688, 4272, 1104, 1075, 3266, 2875, 2379, 1873, 1594, 4726, 3025, 3465, 4565, 1788, 2498, 895, 3127, 2009, 641, 4416, 3406, 1451, 3647, 324, 2547, 783, 3663, 3961, 4468, 1661, 3720, 137, 3426, 3732, 2597, 3795, 1052, 2313, 2366, 1493, 325, 2571, 837, 2331, 4867, 2663, 1287, 589, 4083, 2102, 4497, 3014, 747, 25, 1834, 4613, 247, 2539, 3521, 827, 4268, 2218, 3106, 2588, 3757, 574, 916, 148, 3235, 74, 2923, 351, 2736, 3225, 2737, 129, 4509, 1352, 4717, 1485, 1265, 4855, 3434, 1904, 852, 1397, 3964, 2744, 199, 1776, 3444, 1566, 2101, 4260, 373, 2651, 167, 3396, 460, 1097, 1815, 900, 4857, 3490, 4944, 4309, 3108, 1413, 1268, 4426, 2139, 1240, 4438, 4358, 4610, 231, 1689, 1441, 1471, 3285, 4106, 1050, 230, 4341, 3137, 1484, 4349, 2708, 1329, 4284, 3074, 1748, 1113, 3872, 3579, 4462, 2788, 629, 2964, 503, 2074, 4089, 4496, 1855, 141, 3997, 2332, 1760, 4807, 1394, 2968, 647, 211, 1448, 2857, 2311, 3176, 4002, 270, 473, 2996, 2632, 1743, 2181, 3188, 597, 91, 1145, 3113, 4028, 3214, 1950, 2618, 2030, 1929, 2525, 4065, 160, 3772, 4571, 429, 1384, 3907, 3788, 1336, 3312, 4854, 1260, 4712, 361, 4056, 3901, 1322, 923, 418, 4093, 4131, 1627, 2143, 2462, 4515, 2748, 1603, 671, 2309, 1556, 3592, 826, 4918, 3572, 3785, 3382, 4896, 2402, 338, 345, 3056, 2324, 159, 196, 3523, 888, 3496, 425, 2418, 2180, 4955, 2419, 2517, 54, 1836, 628, 3646, 225, 1259, 609, 3245, 725, 3337, 2601, 4290, 3073, 1414, 2775, 3100, 2095, 4739, 4963, 1090, 1507, 4427, 3536, 3600, 1803, 3686, 3759, 1491, 2526, 2210, 3748, 518, 4417, 3219, 4691, 4749, 2562, 3969, 3177, 2013, 4329, 3971, 4192, 4411, 3440, 201, 4188, 2350, 596, 2762, 1547, 2928, 4806, 2345, 556, 3438, 4826, 1083, 1360, 3806, 3338, 4819, 3264, 317, 3380, 3254, 2892, 3213, 2473, 2583, 2459, 4585, 727, 672, 1960, 613, 2280, 4560, 2212, 4669, 130, 668, 4460, 540, 869, 3010, 4580, 4431, 4602, 4038, 4907, 1797, 377, 2863, 904, 3914, 4758, 4049, 674, 758, 1693, 3621, 46, 22, 97, 1881, 2818, 1789, 282, 4140, 891, 486, 1909, 3931, 1660, 2318, 4578, 4636, 1007, 658, 4340, 2307, 344, 1811, 4030, 4661, 3946, 2233, 706, 248, 2370, 1988, 4232, 1026, 682, 1551, 2513, 2113, 4174, 4982, 1534, 3545, 3114, 1932, 2849, 755, 729, 3839, 1266, 513, 482, 3843, 1356, 4337, 103, 2453, 1586, 1775, 4043, 836, 1604, 1708, 2634, 2881, 3624, 3691, 988, 3201, 4637, 4860, 4701, 890, 2053, 441, 2896, 3412, 1698, 4751, 1917, 135, 4356, 986, 1044, 1714, 1354, 841, 2169, 3765, 842, 1319, 4548, 2860, 1241, 367, 1637, 2015, 1157, 3712, 4375, 800, 8, 1864, 1702, 2100, 4368, 1333, 2569, 2702, 1978, 419, 4651, 2829, 839, 3705, 3953, 3522, 2213, 4126, 1382, 2417, 1204, 314, 4213, 643, 479, 3640, 3001, 2623, 4561, 3596, 1463, 3876, 1951, 2038, 2705, 1545, 2017, 276, 4132, 4177, 580, 1302, 1379, 3292, 1553, 3206, 487, 830, 795, 1035, 3422, 2686, 1467, 713, 3874, 4959, 4752, 3766, 694, 1127, 4456, 4670, 2704, 1578, 2047, 1783, 502, 1082, 3080, 3231, 3825, 3293, 1286, 2880, 2424, 2155, 4519, 2079, 901, 1330, 2202, 2338, 1685, 1532, 464, 1424, 3340, 1938, 4334, 4234, 1654, 2003, 4574, 4521, 1459, 1511, 1034, 3401, 667, 2222, 3694, 182, 2978, 903, 4722, 4645, 2604, 1739, 2028, 3352, 2505, 583, 3543, 3251, 1585, 1068, 463, 1598, 975, 1785, 816, 3169, 4764, 2436, 2784, 2967, 1958, 2134, 3375, 3195, 1499, 493, 2957, 4769, 4226, 384, 4865, 3064, 4933, 1620, 4590, 4512, 979, 833, 1155, 2954, 815, 4277, 2908, 996, 1974, 543, 165, 2305, 1724, 3602, 3175, 4194, 3099, 4741, 4702, 1535, 3884, 2036, 4117, 1473, 4186, 2090, 2605, 733, 2126, 2629, 3330, 1353, 4461, 3400, 1303, 2023, 4666, 170, 2076, 1179, 2006, 2817, 4724, 2455, 3939, 2004, 1434, 2927, 946, 1216, 654, 2848, 4577, 547, 3327, 4537, 2959, 2110, 1820, 2209, 4880, 1071, 2804, 2293, 3781, 4297, 3597, 24, 4347, 2043, 4036, 3259, 3425, 3239, 2813, 2511, 4345, 4883, 2296, 2907, 2710, 4581, 4023, 1631, 454, 4344, 568, 797, 355, 2717, 3370, 2432, 4185, 3669, 3740, 3260, 1225, 3441, 3091, 3463, 2133, 3575, 1538, 3922, 4566, 4434, 4720, 209, 2447, 4684, 1372, 1972, 3229, 2470, 1579, 3677, 2067, 4770, 2046, 4278, 696, 3336, 956, 2425, 2411, 4747, 4466, 3845, 1768, 4333, 941, 3129, 3359, 2058, 423, 2800, 2558, 3449, 3234, 1516, 810, 1099, 1673, 4307, 4024, 215, 569, 2653, 2078, 3583, 3892, 4891, 3242, 2730, 2401, 4928, 3033, 4230, 1412, 1629, 2185, 3871, 855, 4292, 1765, 1185, 370, 4077, 709, 4450, 3397, 1682, 2831, 1128, 1070, 3835, 2310, 1642, 3768, 1164, 3764, 2138, 4979, 4336, 4572, 1111, 2444, 1350, 480, 3442, 1854, 4217, 3802, 4096, 445, 1525, 2427, 1750, 4853, 3258, 3368, 3520, 1647, 3873, 333, 1643, 2069, 933, 1370, 254, 3739, 2130, 2656, 702, 4316, 2360, 2550, 1662, 2097, 4780, 772, 1703, 2719, 3738, 175, 2188, 1398, 805, 4203, 352, 2754, 318, 4470, 2049, 1095, 1626, 4415, 4175, 893, 4649, 3531, 4220, 2056, 2760, 848, 4091, 4535, 1359, 1675, 1440, 4619,